20 1 45 0.667715
20 1 45 0.667898
20 2 45 0.668108
20 1 43 0.668312
20 1 46 0.668453
20 1 46 0.668624
20 2 46 0.668726
20 1 47 0.669
20 1 45 0.669096
20 3 45 0.669264
20 1 44 0.669347
20 1 45 0.669569
20 1 45 0.669671
20 1 47 0.669944
20 1 45 0.670049
20 1 47 0.670376
20 7 45 0.670481
20 9 46 0.670784
20 1 44 0.67124
20 2 47 0.67142
20 1 46 0.671708
20 1 47 0.671939
20 1 45 0.672119
20 1 45 0.672491
20 1 47 0.672791
20 1 46 0.673013
20 2 45 0.673675
20 1 46 0.673987
20 1 44 0.674968
20 2 48 0.675433
20 1 45 0.677083
20 1 44 0.677407
20 1 46 0.678876
20 1 47 0.679221
20 2 46 0.680699
20 1 45 0.681086
20 6 44 0.682582
20 1 46 0.68284
20 2 45 0.684493
20 2 44 0.684835
20 1 46 0.686246
20 1 46 0.686582
20 1 46 0.688078
20 1 45 0.688345
20 2 44 0.689612
20 1 45 0.689939
20 2 43 0.691272
20 2 44 0.691461
20 1 46 0.693101
20 1 47 0.693323
20 1 46 0.694407
20 1 47 0.694888
20 1 46 0.695895
20 1 45 0.696249
20 1 44 0.697042
20 1 49 0.69732
20 1 44 0.698444
20 1 45 0.698798
20 1 45 0.699778
20 1 46 0.700153
20 1 45 0.701156
20 1 45 0.701549
20 1 45 0.70267
20 1 46 0.702864
20 1 46 0.704099
20 1 47 0.704405
20 1 47 0.705781
20 1 47 0.706072
20 1 50 0.707046
20 1 46 0.707273
20 5 46 0.708397
20 2 46 0.708594
20 1 47 0.70981
20 1 47 0.710618
20 1 45 0.710779
20 1 45 0.711825
20 1 44 0.711968
20 1 44 0.712927
20 1 45 0.71311
20 1 48 0.713706
20 1 43 0.7139
20 1 45 0.714631
20 1 48 0.714766
20 1 44 0.715418
20 1 44 0.71561
20 1 45 0.716353
20 1 46 0.716563
20 1 47 0.71729
20 1 46 0.717596
20 1 47 0.71818
20 1 44 0.718321
20 1 46 0.718826
20 1 44 0.719147
20 1 46 0.720031
20 1 44 0.720208
20 1 46 0.720776
20 1 45 0.721022
20 3 48 0.721656
20 1 47 0.721767
20 1 45 0.722483
20 1 45 0.722585
20 1 46 0.723336
20 1 45 0.723477
20 1 45 0.724148
20 5 46 0.724292
20 1 44 0.724939
20 1 48 0.725017
20 1 46 0.725732
20 1 47 0.725783
20 1 44 0.726555
20 1 47 0.726585
20 1 45 0.727511
20 1 47 0.727571
20 1 45 0.728313
20 1 44 0.728385
20 1 46 0.729257
20 1 45 0.729302
20 1 44 0.73005
20 1 44 0.730092
20 1 47 0.730846
20 1 46 0.731778
20 1 46 0.731835
20 1 44 0.732409
20 1 45 0.732451
20 1 45 0.732696
20 1 44 0.732744
20 1 47 0.733028
20 1 45 0.733304
20 1 46 0.733588
20 1 44 0.733729
20 1 47 0.734044
20 1 46 0.734107
20 1 47 0.734469
20 1 46 0.734532
20 1 45 0.734774
20 1 45 0.734792
20 1 47 0.735007
20 1 46 0.735025
20 1 45 0.735294
20 1 46 0.73563
20 1 48 0.735786
20 1 44 0.73601
20 1 46 0.736079
20 1 47 0.736601
20 1 45 0.736646
20 1 45 0.736999
20 1 46 0.737095
20 1 47 0.7375
20 1 44 0.737598
20 1 44 0.737871
20 1 45 0.738141
20 1 45 0.73857
20 1 44 0.73866
20 1 46 0.738821
20 1 46 0.738902
20 1 47 0.739057
20 1 49 0.739186
20 1 45 0.739398
20 1 48 0.739533
20 1 47 0.739652
20 1 43 0.739826
20 1 45 0.739976
20 1 47 0.740168
20 1 45 0.741163
20 1 44 0.74128
20 1 47 0.741517
20 2 43 0.741598
20 1 44 0.741892
20 1 44 0.742147
20 6 46 0.742258
20 1 44 0.742504
20 1 45 0.742788
20 1 47 0.742827
20 1 46 0.743136
20 1 45 0.743175
20 1 44 0.743519
20 1 44 0.743567
20 1 46 0.743848
20 1 44 0.743947
20 1 46 0.744192
20 1 45 0.74424
20 1 46 0.744554
20 1 44 0.744641
20 1 46 0.744884
20 1 44 0.744905
20 1 45 0.745216
20 1 45 0.745273
20 1 45 0.745521
20 2 43 0.745563
20 1 46 0.74588
20 1 45 0.746024
20 1 45 0.746369
20 1 44 0.746504
20 1 43 0.746713
20 1 44 0.74677
20 0 44 0.747039
20 5 49 0.747204
20 4 46 0.747633
20 1 45 0.747827
20 1 44 0.747866
20 1 44 0.74804
20 1 45 0.74806
20 1 45 0.748264
20 1 48 0.748291
20 1 46 0.748575
20 1 45 0.748629
20 1 46 0.748815
20 1 45 0.748845
20 2 48 0.748937
20 1 44 0.749015
20 1 47 0.749174
20 1 45 0.749233
20 1 47 0.749335
20 1 45 0.749383
20 1 46 0.749496
20 1 47 0.74952
20 1 46 0.74967
20 1 45 0.749772
20 1 43 0.750005
20 1 44 0.750323
20 1 46 0.750455
20 1 45 0.750518
20 1 44 0.7507
20 1 44 0.750748
20 1 44 0.750913
20 1 47 0.750993
20 1 45 0.751074
20 1 47 0.751137
20 1 46 0.751322
20 1 47 0.751355
20 1 47 0.751535
20 2 47 0.751558
20 1 46 0.751645
20 1 45 0.751666
20 1 44 0.751863
20 1 44 0.751965
20 1 45 0.752142
20 1 47 0.752157
20 0 43 0.752345
20 1 47 0.752486
20 3 48 0.752582
20 1 47 0.752767
20 1 44 0.752794
20 1 43 0.752928
20 1 45 0.752958
20 1 46 0.753135
20 1 46 0.753168
20 1 47 0.75329
20 3 47 0.753368
20 1 45 0.753515
20 1 47 0.753553
20 1 45 0.75376
20 1 48 0.753814
20 2 44 0.754017
20 1 47 0.75411
20 1 47 0.754308
20 1 47 0.754335
20 1 47 0.754604
20 7 47 0.754721
20 1 47 0.754838
20 1 44 0.754874
20 1 43 0.755011
20 1 44 0.755125
20 1 44 0.755326
20 1 46 0.755362
20 8 46 0.755437
20 1 46 0.7555
20 1 47 0.755683
20 1 45 0.755877
20 1 46 0.755973
20 1 46 0.756111
20 1 46 0.756213
20 1 45 0.756359
20 1 47 0.756428
20 1 44 0.756692
20 1 51 0.756721
20 1 47 0.756859
20 1 47 0.756883
20 1 44 0.757008
20 1 44 0.757083
20 1 47 0.757293
20 1 45 0.757317
20 1 45 0.757499
20 1 45 0.757553
20 1 44 0.757772
20 6 46 0.757981
20 1 43 0.758029
20 1 43 0.758194
20 1 46 0.758302
20 1 44 0.758346
20 1 45 0.758475
20 1 47 0.758529
20 1 46 0.75863
20 1 48 0.758789
20 1 46 0.758846
20 2 47 0.758917
20 1 46 0.759097
20 1 48 0.759145
20 1 44 0.759228
20 1 45 0.759309
20 1 46 0.759417
20 1 44 0.759527
20 1 47 0.759629
20 1 47 0.759764
20 1 45 0.759926
20 1 47 0.759991
20 5 46 0.760243
20 1 47 0.760435
20 1 47 0.760684
20 2 46 0.760749
20 2 43 0.76086
20 1 45 0.760887
20 1 47 0.761099
20 1 46 0.761123
20 1 47 0.761279
20 1 45 0.761375
20 1 44 0.76159
20 1 44 0.761668
20 1 46 0.761806
20 1 44 0.761877
20 1 44 0.762054
20 1 46 0.76212
20 1 46 0.762228
20 1 43 0.762281
20 1 47 0.762377
20 1 45 0.762422
20 1 47 0.762512
20 1 46 0.762592
20 1 50 0.762739
20 8 47 0.762829
20 1 45 0.763009
20 3 46 0.763143
20 1 47 0.763314
20 1 44 0.763356
20 1 44 0.763605
20 1 46 0.763806
20 1 47 0.763935
20 5 43 0.764151
20 1 46 0.764432
20 1 44 0.764516
20 1 48 0.764654
20 1 46 0.764672
20 1 44 0.764755
20 1 45 0.764788
20 1 45 0.764893
20 1 44 0.764941
20 1 46 0.765018
20 1 46 0.765054
20 2 46 0.765162
20 1 47 0.765279
20 1 46 0.765332
20 4 50 0.765371
20 1 44 0.765479
20 1 46 0.765515
20 1 44 0.765628
20 1 46 0.765775
20 2 44 0.765868
20 1 47 0.765895
20 1 44 0.766098
