20 22 44 1.1483
20 2 46 1.14835
20 1 47 1.14846
20 2 45 1.14851
20 3 46 1.14854
20 1 46 1.14856
20 2 45 1.1486
20 2 43 1.14862
20 1 45 1.14872
20 1 47 1.14877
20 1 43 1.14879
20 3 47 1.14885
20 1 47 1.14891
20 2 44 1.14895
20 1 43 1.149
20 2 47 1.14904
20 1 44 1.14913
20 2 47 1.14915
20 1 45 1.14923
20 1 47 1.14929
20 1 44 1.14936
20 1 46 1.14943
20 1 45 1.14947
20 1 43 1.14965
20 1 45 1.14971
20 2 44 1.14986
20 4 44 1.15001
20 1 46 1.1501
20 2 47 1.15017
20 1 45 1.15031
20 1 46 1.15047
20 1 46 1.1506
20 1 43 1.15066
20 2 47 1.15072
20 1 44 1.15078
20 1 44 1.15084
20 1 46 1.15092
20 1 45 1.15101
20 1 47 1.15108
20 1 47 1.15131
20 3 45 1.15152
20 1 47 1.15157
20 1 44 1.1518
20 1 44 1.15191
20 1 44 1.15205
20 1 45 1.15217
20 1 45 1.15234
20 1 47 1.15242
20 1 45 1.15257
20 1 45 1.1528
20 1 47 1.1531
20 1 45 1.15362
20 1 47 1.15377
20 1 45 1.15394
20 2 44 1.15413
20 2 43 1.15444
20 1 45 1.15482
20 1 44 1.15523
20 1 48 1.1555
20 1 45 1.15593
20 1 46 1.15636
20 1 45 1.15677
20 1 44 1.1572
20 1 45 1.15807
20 1 43 1.15884
20 1 44 1.15995
20 1 46 1.16145
20 2 46 1.16308
20 1 45 1.16475
20 1 47 1.16622
20 1 43 1.16786
20 1 45 1.16957
20 1 46 1.1712
20 1 47 1.17266
20 1 45 1.1744
20 1 45 1.17614
20 1 44 1.17757
20 1 45 1.17874
20 1 47 1.18002
20 1 46 1.18125
20 1 46 1.1824
20 1 43 1.18352
20 1 45 1.18472
20 1 47 1.18599
20 1 44 1.18736
20 1 47 1.18859
20 1 47 1.19135
20 1 43 1.19253
20 2 44 1.19382
20 1 46 1.19468
20 1 45 1.19565
20 1 45 1.19638
20 1 44 1.19726
20 1 46 1.19817
20 1 47 1.19902
20 1 46 1.19993
20 1 44 1.20064
20 1 46 1.20165
20 1 46 1.20248
20 1 45 1.20331
20 1 44 1.20406
20 1 44 1.20517
20 1 44 1.20591
20 1 45 1.20664
20 1 46 1.20724
20 1 47 1.20777
20 1 45 1.20856
20 1 47 1.20928
20 1 44 1.21011
20 1 44 1.21075
20 1 46 1.21144
20 1 45 1.21209
20 2 43 1.2124
20 1 44 1.21275
20 1 45 1.2131
20 1 43 1.21334
20 1 47 1.21376
20 1 44 1.21406
20 1 45 1.21444
20 1 45 1.21474
20 1 45 1.215
20 1 47 1.21526
20 1 47 1.21567
20 1 45 1.21595
20 4 46 1.21616
20 1 46 1.21653
20 1 46 1.21681
20 1 47 1.21708
20 1 47 1.21735
20 1 44 1.21769
20 1 47 1.2179
20 1 45 1.21815
20 1 47 1.21876
20 1 44 1.21986
20 1 45 1.22007
20 1 43 1.22056
20 1 45 1.22078
20 1 47 1.22155
20 1 44 1.22237
20 1 44 1.22265
20 1 47 1.22295
20 1 43 1.22328
20 1 46 1.22353
20 2 44 1.22381
20 1 44 1.22467
20 1 45 1.22491
20 1 43 1.22504
20 1 45 1.22525
20 1 45 1.22539
20 1 47 1.22556
20 1 48 1.22579
20 1 47 1.22594
20 2 46 1.22609
20 1 46 1.22691
20 1 45 1.2271
20 1 46 1.2273
20 1 46 1.22752
20 2 44 1.22767
20 1 46 1.22785
20 1 44 1.22813
20 1 43 1.22837
20 1 47 1.22855
20 1 47 1.22879
20 1 45 1.22905
20 1 46 1.22924
20 1 45 1.2294
20 1 47 1.22957
20 1 46 1.22974
20 1 45 1.22998
20 1 43 1.23016
20 1 44 1.23038
20 1 46 1.2305
20 1 45 1.23073
20 1 47 1.2309
20 1 47 1.23133
20 1 44 1.23149
20 6 49 1.23164
20 1 47 1.23209
20 6 46 1.23229
20 4 45 1.2324
20 1 46 1.23256
20 1 45 1.23309
20 1 45 1.23327
20 1 45 1.2336
20 1 47 1.23445
20 1 45 1.23484
20 1 44 1.23517
20 1 47 1.23531
20 1 45 1.23548
20 1 46 1.2357
20 1 43 1.23586
20 1 44 1.23596
20 0 47 1.23614
20 1 45 1.2363
20 1 48 1.23643
20 1 44 1.23662
20 1 44 1.23677
20 6 46 1.23755
20 1 46 1.23767
20 1 46 1.23787
20 1 44 1.2383
20 1 44 1.23853
20 1 47 1.23872
20 1 44 1.23893
20 7 46 1.23925
20 1 45 1.23934
20 1 44 1.23973
20 1 45 1.23987
20 1 45 1.24012
20 2 44 1.24021
20 8 47 1.24034
20 1 45 1.24074
20 1 46 1.24095
20 1 44 1.24097
20 1 44 1.241
20 1 44 1.2411
20 1 43 1.24117
20 1 46 1.24124
20 1 44 1.24132
20 4 46 1.24139
20 1 46 1.2415
20 1 45 1.24154
20 1 45 1.24158
20 1 45 1.2416
20 1 43 1.24162
20 1 45 1.24174
20 1 44 1.24177
20 1 45 1.24179
20 1 43 1.24183
20 1 44 1.24188
20 1 46 1.24191
20 1 46 1.24193
20 1 46 1.24198
20 1 44 1.24201
20 1 46 1.2421
20 1 47 1.24214
20 1 45 1.24217
20 1 47 1.24221
20 1 46 1.24229
20 1 44 1.24232
20 1 47 1.24234
20 1 46 1.2424
20 1 44 1.24245
20 1 44 1.2425
20 1 45 1.24254
20 1 46 1.24256
20 1 44 1.24275
20 1 45 1.24282
20 1 44 1.24284
20 1 44 1.24288
20 1 44 1.24291
20 1 44 1.24301
20 1 46 1.24304
20 1 47 1.24306
20 1 47 1.24311
20 1 44 1.24314
20 1 44 1.24316
20 1 46 1.24318
20 1 47 1.24326
20 1 44 1.24328
20 1 46 1.24333
20 0 46 1.24336
20 1 46 1.24338
20 1 46 1.2434
20 1 47 1.24346
20 1 44 1.2435
20 1 47 1.24353
20 1 44 1.24355
20 1 44 1.24364
20 1 44 1.24371
20 1 45 1.24379
20 1 47 1.24385
20 1 45 1.24393
20 1 46 1.24395
20 2 45 1.24398
20 1 45 1.24405
20 1 44 1.24416
20 1 44 1.24421
20 1 45 1.24424
20 1 46 1.24429
20 1 44 1.24432
20 1 46 1.24437
20 1 45 1.2444
20 1 46 1.24441
20 1 45 1.24444
20 2 43 1.24455
20 1 45 1.24458
20 0 45 1.24467
20 2 44 1.2447
20 1 46 1.24474
20 1 45 1.24478
20 1 45 1.24481
20 1 47 1.24485
20 1 47 1.24486
20 1 44 1.24497
20 1 45 1.245
20 1 46 1.24507
20 1 46 1.24511
20 1 45 1.24514
20 1 46 1.24518
20 1 46 1.24523
20 1 44 1.24534
20 1 45 1.24537
20 1 43 1.24543
20 1 47 1.24548
20 1 43 1.24553
20 1 44 1.24554
20 1 43 1.24559
20 1 43 1.24562
20 1 43 1.24571
20 2 44 1.24574
20 1 44 1.24578
20 1 45 1.2458
20 1 44 1.24586
20 1 46 1.24589
20 1 46 1.24595
20 1 43 1.24597
20 1 43 1.2461
20 1 46 1.24615
20 1 44 1.24621
20 1 45 1.24624
20 1 45 1.24629
20 1 47 1.24635
20 1 45 1.24638
20 1 45 1.24644
20 1 48 1.24648
20 1 44 1.2465
20 2 45 1.24657
20 1 45 1.24666
20 1 44 1.24669
20 1 45 1.24674
20 1 46 1.24678
20 2 44 1.24683
20 1 49 1.24688
20 1 46 1.24693
20 1 47 1.247
20 1 47 1.24702
20 1 44 1.24704
20 1 45 1.2471
20 2 46 1.24717
20 1 44 1.24726
20 1 47 1.24728
20 1 45 1.24738
20 1 46 1.24745
20 1 44 1.24751
20 1 47 1.24753
20 1 46 1.24756
20 1 46 1.24762
20 1 44 1.24764
20 1 44 1.24766
20 1 45 1.24772
20 1 45 1.24775
20 1 45 1.24783
20 1 47 1.24786
20 1 44 1.24789
20 1 45 1.24792
20 1 45 1.248
20 1 47 1.24803
20 1 44 1.24806
20 1 45 1.24809
20 1 46 1.24811
20 1 46 1.24816
20 1 46 1.24818
20 1 45 1.2482
