20 15 46 0.97209
20 2 44 0.972118
20 2 44 0.972153
20 1 46 0.972223
20 3 45 0.972269
20 1 46 0.972304
20 2 46 0.972348
20 1 46 0.972382
20 2 44 0.972487
20 1 47 0.97251
20 2 45 0.972562
20 2 47 0.972626
20 1 43 0.972699
20 1 43 0.972722
20 1 47 0.972792
20 2 44 0.972862
20 1 44 0.972894
20 2 47 0.972923
20 1 45 0.972952
20 1 44 0.972989
20 2 43 0.973088
20 2 45 0.973108
20 1 44 0.973216
20 1 45 0.973257
20 1 46 0.973277
20 1 43 0.973324
20 1 44 0.973408
20 1 44 0.97346
20 1 45 0.973801
20 1 46 0.973935
20 2 46 0.97409
20 1 46 0.974162
20 1 44 0.974246
20 2 46 0.974363
20 3 43 0.974523
20 1 44 0.974619
20 1 44 0.97479
20 1 44 0.974892
20 1 45 0.975035
20 1 45 0.975154
20 1 46 0.97527
20 1 47 0.975438
20 1 44 0.975551
20 1 45 0.975705
20 1 47 0.977836
20 1 46 0.97817
20 6 46 0.978551
20 2 45 0.978885
20 2 46 0.979246
20 1 45 0.979589
20 4 44 0.979951
20 1 45 0.980355
20 2 47 0.980791
20 1 45 0.981352
20 1 44 0.982098
20 1 47 0.982944
20 4 45 0.984225
20 4 44 0.98586
20 1 47 0.987718
20 1 46 0.989541
20 1 47 0.991278
20 1 47 0.992688
20 1 44 0.994308
20 1 46 0.99609
20 1 44 0.997929
20 0 45 0.99955
20 1 45 1.00149
20 1 44 1.00261
20 1 44 1.00371
20 1 46 1.00496
20 5 47 1.0061
20 1 46 1.00765
20 0 43 1.00941
20 1 46 1.01098
20 1 46 1.01237
20 1 45 1.01354
20 1 48 1.0147
20 1 44 1.01753
20 1 44 1.01865
20 1 44 1.01967
20 1 46 1.02044
20 1 46 1.02131
20 1 46 1.02212
20 1 45 1.02307
20 1 44 1.02385
20 1 43 1.02461
20 1 47 1.0253
20 1 44 1.0263
20 1 45 1.02715
20 1 43 1.0279
20 0 44 1.02893
20 1 46 1.02963
20 1 44 1.03033
20 1 45 1.03103
20 1 45 1.032
20 1 45 1.03263
20 1 44 1.03365
20 1 46 1.03424
20 1 46 1.03496
20 1 44 1.03574
20 1 46 1.0366
20 1 45 1.03738
20 1 46 1.03798
20 1 45 1.0383
20 1 44 1.03878
20 1 44 1.0394
20 1 43 1.03963
20 1 46 1.03994
20 1 44 1.04019
20 1 45 1.04038
20 1 46 1.04072
20 1 47 1.04229
20 1 47 1.04256
20 1 47 1.04282
20 1 43 1.04308
20 1 46 1.04334
20 1 45 1.04369
20 1 43 1.0439
20 1 44 1.04484
20 1 45 1.04506
20 1 45 1.04539
20 2 45 1.04563
20 1 46 1.04602
20 1 47 1.04649
20 0 46 1.04679
20 1 46 1.04699
20 1 46 1.04727
20 1 58 1.04753
20 1 45 1.04843
20 1 43 1.04877
20 1 44 1.04916
20 1 45 1.04946
20 1 45 1.04975
20 1 45 1.04997
20 1 43 1.05038
20 1 46 1.05058
20 1 46 1.05088
20 1 47 1.05118
20 1 44 1.05132
20 1 44 1.05194
20 1 47 1.05221
20 1 45 1.05242
20 1 44 1.05293
20 1 46 1.05318
20 1 46 1.05336
20 1 44 1.0538
20 1 46 1.05395
20 5 46 1.05446
20 1 43 1.05473
20 4 46 1.05491
20 1 46 1.05509
20 1 44 1.05552
20 1 46 1.0559
20 1 43 1.05603
20 1 45 1.05625
20 1 47 1.05642
20 1 47 1.05668
20 2 46 1.05689
20 1 47 1.05711
20 1 47 1.0574
20 5 46 1.05756
20 1 45 1.05783
20 5 44 1.05799
20 1 44 1.05815
20 1 45 1.05835
20 7 46 1.05872
20 5 46 1.05892
20 1 47 1.0591
20 1 43 1.05932
20 1 46 1.0597
20 1 47 1.05997
20 1 44 1.0602
20 1 44 1.06034
20 1 46 1.06066
20 1 44 1.06084
20 1 43 1.06139
20 1 44 1.06169
20 1 43 1.06194
20 1 45 1.06213
20 1 45 1.06222
20 1 45 1.06232
20 1 47 1.06254
20 1 45 1.06272
20 1 45 1.06283
20 1 47 1.06294
20 1 46 1.06329
20 1 47 1.06354
20 1 44 1.06374
20 1 47 1.06394
20 1 46 1.06405
20 1 45 1.06422
20 1 45 1.06445
20 1 46 1.06467
20 1 46 1.06479
20 6 43 1.06495
20 1 46 1.0653
20 1 44 1.06539
20 1 45 1.06561
20 1 44 1.06584
20 1 44 1.06605
20 1 47 1.06619
20 1 47 1.06722
20 1 46 1.06732
20 2 46 1.06741
20 1 44 1.06758
20 1 44 1.0678
20 1 44 1.06796
20 1 45 1.06807
20 1 47 1.06814
20 1 45 1.06818
20 1 46 1.06822
20 1 46 1.06828
20 1 44 1.06832
20 1 44 1.06835
20 6 47 1.06837
20 1 45 1.0684
20 2 44 1.06851
20 1 44 1.06858
20 1 43 1.06862
20 1 45 1.06869
20 1 46 1.06878
20 1 44 1.06891
20 1 46 1.06894
20 1 44 1.06898
20 1 44 1.06904
20 1 44 1.06907
20 1 46 1.06914
20 1 44 1.06919
20 1 46 1.06923
20 1 44 1.06925
20 1 47 1.06929
20 1 44 1.06937
20 2 44 1.06945
20 1 45 1.06947
20 1 46 1.06951
20 1 43 1.06957
20 1 45 1.06959
20 1 46 1.06965
20 1 47 1.06968
20 1 44 1.0697
20 1 44 1.06973
20 1 47 1.06976
20 1 49 1.06979
20 1 45 1.06985
20 1 46 1.06986
20 1 46 1.06992
20 1 46 1.07001
20 1 44 1.07006
20 1 46 1.07013
20 1 46 1.07022
20 1 45 1.0703
20 1 45 1.07032
20 1 47 1.07041
20 1 46 1.07045
20 1 46 1.07052
20 1 46 1.07055
20 1 44 1.07057
20 6 47 1.07062
20 1 46 1.0707
20 1 45 1.07082
20 1 45 1.07084
20 1 51 1.07086
20 1 46 1.07089
20 1 44 1.07092
20 1 44 1.07094
20 2 47 1.07095
20 1 46 1.0711
20 1 47 1.07115
20 1 48 1.07118
20 1 44 1.07122
20 1 48 1.07129
20 1 44 1.07132
20 1 47 1.07137
20 1 46 1.07147
20 2 44 1.07154
20 1 47 1.07159
20 1 46 1.07165
20 1 47 1.07167
20 1 47 1.07172
20 1 48 1.07185
20 1 44 1.07189
20 1 47 1.07195
20 1 44 1.07197
20 1 47 1.07205
20 1 48 1.07209
20 1 47 1.07212
20 1 44 1.07215
20 1 44 1.07219
20 1 46 1.07232
20 1 44 1.07238
20 1 46 1.07243
20 1 45 1.07247
20 1 46 1.07256
20 1 53 1.07263
20 1 44 1.07266
20 1 46 1.07273
20 1 47 1.07276
20 1 44 1.0728
20 1 46 1.07283
20 2 47 1.07289
20 1 44 1.07295
20 1 45 1.073
20 1 45 1.07303
20 1 47 1.0731
20 1 45 1.07313
20 1 47 1.0732
20 1 45 1.07328
20 1 47 1.07329
20 1 44 1.07333
20 1 46 1.07336
20 1 44 1.07352
20 1 47 1.07359
20 1 47 1.07366
20 1 47 1.07372
20 1 48 1.07379
20 1 44 1.07385
20 1 44 1.07389
20 1 44 1.07393
20 1 46 1.07403
20 1 45 1.07408
20 1 45 1.07415
20 1 44 1.07426
20 1 45 1.07428
20 1 46 1.07434
20 2 45 1.07439
20 1 45 1.07444
20 1 47 1.07446
20 1 46 1.07449
20 1 46 1.07452
20 4 49 1.07455
20 1 45 1.07458
20 1 46 1.07462
20 1 47 1.07465
20 1 45 1.07468
20 1 47 1.07481
20 1 45 1.07488
20 1 44 1.0749
20 1 47 1.07493
20 1 43 1.07499
20 1 44 1.07502
20 2 46 1.07516
20 1 44 1.07519
20 1 46 1.07521
20 1 45 1.0753
20 1 44 1.07534
20 1 46 1.07542
20 1 46 1.07546
20 1 45 1.07551
20 1 47 1.07557
20 1 45 1.07559
20 1 45 1.07565
20 1 45 1.07568
20 1 45 1.0757
20 1 44 1.07575
20 1 43 1.07581
20 1 46 1.07591
20 1 43 1.07593
20 2 45 1.07597
20 1 44 1.076
20 1 44 1.07604
20 2 46 1.07611
20 1 45 1.07617
20 1 45 1.07629
20 1 46 1.07634
20 1 46 1.07636
20 1 47 1.0764
20 1 44 1.07643
20 1 45 1.07648
20 1 47 1.0765
20 1 45 1.07652
20 1 46 1.07655
