20 1 47 0.981485
20 5 46 0.981514
20 1 46 0.981572
20 1 44 0.981593
20 1 47 0.981668
20 1 46 0.9817
20 1 46 0.98172
20 3 46 0.981758
20 1 45 0.98229
20 4 46 0.982392
20 1 45 0.982441
20 1 45 0.982511
20 1 46 0.98263
20 2 43 0.982691
20 1 44 0.983089
20 2 46 0.983155
20 1 44 0.983231
20 1 45 0.983286
20 1 46 0.9834
20 1 46 0.98385
20 1 45 0.98387
20 1 44 0.98401
20 1 43 0.984387
20 1 48 0.984413
20 1 47 0.98446
20 1 44 0.984483
20 3 45 0.984556
20 3 46 0.985067
20 1 44 0.985099
20 2 45 0.985131
20 1 45 0.986163
20 1 46 0.986204
20 1 45 0.986233
20 1 47 0.986279
20 1 46 0.98634
20 1 47 0.98682
20 1 44 0.986901
20 1 45 0.986965
20 1 46 0.988009
20 1 46 0.988094
20 1 46 0.988117
20 1 45 0.988195
20 1 47 0.988262
20 1 47 0.9887
20 1 44 0.988735
20 1 44 0.988863
20 1 47 0.989782
20 1 48 0.989828
20 1 45 0.989866
20 1 45 0.989933
20 1 48 0.989982
20 1 46 0.990385
20 2 45 0.990449
20 1 44 0.990487
20 1 48 0.991408
20 1 47 0.991487
20 1 47 0.991527
20 1 45 0.991571
20 1 46 0.991637
20 1 45 0.992014
20 1 47 0.992038
20 1 46 0.992055
20 1 45 0.992818
20 1 43 0.992873
20 1 46 0.992896
20 4 46 0.992975
20 1 46 0.9931
20 7 44 0.993565
20 1 43 0.993623
20 1 46 0.993687
20 1 45 0.994602
20 1 43 0.994663
20 1 46 0.994707
20 1 47 0.994741
20 1 44 0.994855
20 1 48 0.99539
20 1 46 0.995425
20 1 45 0.995506
20 2 46 0.99629
20 1 46 0.996316
20 1 44 0.996409
20 1 47 0.996444
20 1 47 0.996569
20 1 46 0.997147
20 1 45 0.997191
20 1 46 0.998173
20 1 46 0.998231
20 1 45 0.998277
20 1 46 0.998309
20 1 47 0.998373
20 1 46 0.998791
20 1 44 0.998826
20 1 43 0.998866
20 1 46 0.999747
20 1 47 0.999776
20 1 47 0.999849
20 1 45 0.999921
20 1 46 1.00013
20 1 44 1.00051
20 1 46 1.00056
20 1 47 1.00063
20 2 44 1.00168
20 1 46 1.00174
20 1 44 1.0018
20 1 47 1.00184
20 1 46 1.00188
20 1 47 1.00231
20 1 45 1.00244
20 1 45 1.00246
20 1 46 1.00282
20 1 44 1.00288
20 1 45 1.00291
20 1 45 1.00295
20 1 44 1.00301
20 1 47 1.00343
20 1 44 1.00345
20 1 43 1.00348
20 1 46 1.00388
20 1 46 1.00397
20 1 46 1.004
20 1 44 1.00403
20 1 47 1.00413
20 1 46 1.00462
20 1 45 1.00464
20 1 43 1.00474
20 1 46 1.0051
20 1 45 1.00516
20 3 44 1.00524
20 1 44 1.00544
20 1 47 1.00583
20 1 44 1.00586
20 2 47 1.00589
20 1 44 1.00646
20 1 47 1.00649
20 1 47 1.00664
20 2 44 1.00668
20 1 44 1.00681
20 1 46 1.00722
20 1 46 1.00729
20 1 43 1.00737
20 1 46 1.00788
20 2 44 1.00793
20 1 46 1.00797
20 1 44 1.00804
20 1 44 1.00818
20 1 46 1.00888
20 1 44 1.00894
20 1 45 1.00906
20 1 44 1.00965
20 1 44 1.00973
20 1 44 1.00981
20 1 47 1.00983
20 1 44 1.00996
20 1 46 1.01059
20 1 47 1.01063
20 1 46 1.01119
20 1 45 1.01125
20 1 45 1.01128
20 1 45 1.01136
20 1 45 1.01158
20 1 46 1.01202
20 1 44 1.01207
20 1 45 1.01214
20 5 46 1.01253
20 2 45 1.0126
20 1 47 1.01266
20 1 47 1.01282
20 1 46 1.01322
20 1 46 1.01324
20 1 44 1.01328
20 1 46 1.01377
20 1 43 1.0139
20 1 44 1.01394
20 1 45 1.01396
20 1 47 1.014
20 1 46 1.01444
20 2 44 1.01446
20 1 46 1.0145
20 1 46 1.01483
20 1 45 1.01492
20 1 43 1.01495
20 1 46 1.01499
20 1 47 1.01513
20 1 47 1.01569
20 1 45 1.01573
20 1 45 1.01575
20 1 45 1.01626
20 1 46 1.01629
20 1 45 1.01634
20 1 47 1.01639
20 1 45 1.0165
20 1 46 1.01695
20 1 44 1.01698
20 1 44 1.01708
20 1 47 1.01762
20 1 45 1.01766
20 1 47 1.01768
20 1 47 1.01773
20 1 45 1.0178
20 1 44 1.01822
20 1 45 1.01828
20 1 44 1.01834
20 1 46 1.01873
20 1 44 1.01878
20 1 44 1.01883
20 1 46 1.01888
20 1 43 1.019
20 1 44 1.01942
20 1 43 1.01944
20 1 45 1.01946
20 1 45 1.01985
20 1 44 1.01987
20 1 43 1.01989
20 1 45 1.01996
20 1 45 1.02001
20 1 44 1.02006
20 1 47 1.02011
20 1 46 1.02013
20 1 45 1.02053
20 1 50 1.02062
20 1 45 1.02069
20 1 46 1.02072
20 2 44 1.02088
20 1 47 1.02094
20 1 47 1.02099
20 1 46 1.02103
20 0 45 1.02145
20 1 46 1.02149
20 1 45 1.02155
20 1 44 1.0216
20 1 47 1.02168
20 1 44 1.0217
20 1 44 1.02173
20 1 46 1.02176
20 1 47 1.02237
20 1 46 1.02244
20 1 44 1.02248
20 1 46 1.02259
20 1 43 1.02266
20 1 46 1.0227
20 1 44 1.02271
20 1 44 1.02281
20 1 47 1.02325
20 1 44 1.02327
20 1 47 1.02332
20 1 46 1.02342
20 1 45 1.02351
20 1 45 1.02353
20 1 43 1.02356
20 1 45 1.0236
20 1 45 1.02397
20 1 46 1.02405
20 1 46 1.02408
20 1 47 1.02412
20 1 45 1.02422
20 1 47 1.02424
20 1 46 1.0243
20 2 43 1.02434
20 1 47 1.02471
20 1 47 1.02474
20 1 47 1.02477
20 2 46 1.02486
20 1 46 1.02496
20 1 46 1.02501
20 1 43 1.02503
20 1 45 1.02545
20 1 46 1.02552
20 1 44 1.02557
20 1 43 1.0256
20 1 45 1.02572
20 1 44 1.02587
20 1 44 1.0259
20 1 45 1.02601
20 1 45 1.0264
20 1 44 1.02646
20 1 45 1.02654
20 1 45 1.02656
20 1 47 1.02664
20 1 44 1.0267
20 1 45 1.02672
20 6 47 1.02684
20 1 47 1.02732
20 1 44 1.02735
20 1 45 1.0274
20 1 44 1.02743
20 1 47 1.02755
20 1 44 1.02758
20 2 46 1.02766
20 1 44 1.02768
20 1 44 1.0281
20 2 46 1.02815
20 1 43 1.02828
20 1 46 1.02832
20 1 44 1.02846
20 1 46 1.02854
20 1 46 1.02859
20 0 43 1.02869
20 1 47 1.02916
20 1 44 1.02919
20 1 44 1.02926
20 1 45 1.02933
20 1 46 1.02936
20 1 45 1.02942
20 1 44 1.02946
20 1 44 1.02975
20 1 44 1.02979
20 1 43 1.02983
20 1 46 1.02985
20 1 46 1.02999
20 1 46 1.03
20 1 45 1.03003
20 1 47 1.03008
20 2 45 1.0305
20 1 45 1.03057
20 1 46 1.03059
20 1 46 1.03062
20 1 46 1.03073
20 1 44 1.0308
20 1 44 1.03082
20 2 47 1.03087
20 1 47 1.03136
20 1 45 1.03141
20 1 47 1.03147
20 1 46 1.03155
20 1 44 1.03163
20 1 44 1.03166
20 1 46 1.03169
20 1 45 1.03177
20 1 45 1.0322
20 2 43 1.03226
20 1 43 1.03229
20 1 43 1.03232
20 1 45 1.03236
20 1 44 1.0324
20 1 45 1.03247
20 1 43 1.03253
20 1 46 1.03288
20 1 44 1.03306
20 7 46 1.03317
20 1 45 1.03326
20 1 44 1.03333
20 1 49 1.03347
20 1 46 1.03353
20 1 46 1.03382
20 1 44 1.03384
20 1 47 1.03387
20 1 45 1.03392
20 1 44 1.03398
20 1 46 1.03401
20 1 46 1.03404
20 1 45 1.03407
20 1 46 1.03438
20 1 47 1.0344
20 1 46 1.03444
20 1 46 1.03446
20 1 45 1.03458
20 1 47 1.03467
20 1 45 1.03473
20 1 43 1.03478
20 1 46 1.03536
20 1 47 1.03543
20 1 45 1.03544
20 1 45 1.03547
20 1 47 1.03552
20 1 44 1.03556
20 1 44 1.03559
20 1 47 1.03563
20 2 46 1.03593
20 1 44 1.036
20 0 48 1.03603
20 1 44 1.03607
20 1 46 1.03614
20 1 46 1.03622
20 1 45 1.03632
20 1 45 1.0364
20 1 47 1.0368
20 1 46 1.03687
20 1 47 1.03691
20 1 45 1.03694
20 1 46 1.03702
20 7 46 1.03713
20 1 44 1.03724
20 2 43 1.03751
20 1 45 1.03756
20 1 46 1.0376
20 1 47 1.03763
20 1 46 1.03776
20 1 47 1.03779
20 1 46 1.03786
20 1 46 1.0379
