20 25 46 0.8647
20 1 45 0.864758
20 2 44 0.864817
20 1 45 0.864849
20 1 45 0.864869
20 1 44 0.864919
20 2 44 0.864936
20 1 44 0.865009
20 1 44 0.86505
20 1 47 0.865123
20 2 43 0.865281
20 2 46 0.865328
20 2 47 0.86539
20 1 46 0.865416
20 1 46 0.865465
20 2 46 0.86555
20 1 47 0.865603
20 3 43 0.865702
20 2 45 0.865764
20 1 46 0.865822
20 1 49 0.865869
20 1 47 0.865927
20 1 45 0.865965
20 3 45 0.86622
20 1 44 0.866425
20 1 44 0.866677
20 1 47 0.867055
20 2 47 0.867178
20 2 45 0.867456
20 1 48 0.867591
20 5 46 0.867696
20 2 44 0.867746
20 1 46 0.867793
20 1 46 0.867898
20 2 43 0.868132
20 1 48 0.868304
20 1 47 0.868474
20 1 47 0.868629
20 1 43 0.868778
20 1 45 0.868891
20 1 44 0.868985
20 2 46 0.869133
20 2 43 0.869409
20 2 45 0.869654
20 2 44 0.869994
20 1 45 0.870316
20 2 46 0.87062
20 1 47 0.870888
20 1 43 0.871148
20 1 44 0.87149
20 1 43 0.871782
20 1 46 0.872206
20 1 46 0.872563
20 1 45 0.872942
20 1 44 0.873257
20 1 44 0.873722
20 1 47 0.874151
20 1 47 0.874768
20 1 44 0.876433
20 1 45 0.877721
20 2 44 0.879893
20 1 47 0.881673
20 1 45 0.88354
20 1 46 0.88533
20 1 47 0.886962
20 1 47 0.888741
20 1 44 0.890443
20 1 47 0.892049
20 1 45 0.893948
20 1 46 0.8957
20 1 43 0.897022
20 1 46 0.898198
20 1 47 0.899263
20 1 45 0.900621
20 1 45 0.902037
20 1 45 0.903398
20 1 46 0.904688
20 7 46 0.905905
20 1 47 0.907241
20 1 47 0.908681
20 1 44 0.910094
20 1 44 0.911651
20 1 48 0.912797
20 1 44 0.913934
20 2 44 0.91476
20 1 46 0.915617
20 1 44 0.916466
20 1 45 0.917201
20 1 45 0.917939
20 1 46 0.918802
20 1 44 0.919712
20 1 44 0.920591
20 1 47 0.922853
20 1 47 0.923591
20 1 45 0.924382
20 1 47 0.925266
20 1 45 0.926356
20 1 44 0.927378
20 2 46 0.928233
20 1 44 0.92883
20 1 44 0.929485
20 1 47 0.930355
20 1 46 0.931839
20 1 45 0.932501
20 1 47 0.933453
20 6 46 0.93392
20 1 45 0.934399
20 1 45 0.934652
20 3 46 0.935034
20 1 45 0.936162
20 2 46 0.936477
20 1 44 0.936786
20 1 45 0.937092
20 1 45 0.937339
20 1 44 0.937736
20 1 44 0.938107
20 1 46 0.938407
20 1 44 0.938693
20 1 47 0.93899
20 1 45 0.939246
20 1 47 0.939567
20 1 47 0.939964
20 1 47 0.940502
20 1 46 0.940784
20 0 46 0.941158
20 1 45 0.941429
20 1 45 0.941703
20 5 46 0.942427
20 1 43 0.942834
20 1 43 0.94304
20 1 46 0.943402
20 1 46 0.943664
20 1 44 0.943996
20 1 44 0.944332
20 2 44 0.944962
20 1 47 0.945316
20 1 46 0.945664
20 3 47 0.946085
20 1 45 0.946303
20 1 45 0.946533
20 1 44 0.946877
20 1 46 0.94714
20 1 46 0.947434
20 1 44 0.947585
20 1 46 0.947965
20 1 45 0.948134
20 1 45 0.948347
20 1 47 0.948466
20 1 44 0.948615
20 1 46 0.948769
20 1 47 0.948917
20 1 48 0.949077
20 1 44 0.949331
20 1 44 0.949541
20 1 47 0.950875
20 1 44 0.951389
20 6 46 0.951576
20 5 46 0.951769
20 2 46 0.952027
20 1 43 0.952296
20 1 45 0.952892
20 4 46 0.953126
20 1 44 0.953774
20 1 45 0.953926
20 2 45 0.954534
20 1 46 0.954683
20 1 44 0.954861
20 3 44 0.955384
20 1 44 0.955855
20 1 45 0.955972
20 1 45 0.956179
20 1 44 0.956363
20 1 44 0.956555
20 1 46 0.956692
20 1 46 0.956954
20 1 47 0.957126
20 1 44 0.957353
20 1 46 0.957519
20 1 45 0.95775
20 1 44 0.957983
20 1 46 0.958517
20 1 46 0.958748
20 1 46 0.958923
20 1 44 0.959074
20 1 46 0.959346
20 1 44 0.959672
20 1 45 0.95987
20 1 46 0.960071
20 1 44 0.960419
20 4 46 0.960687
20 5 43 0.960936
20 6 45 0.961228
20 1 44 0.961505
20 1 44 0.961651
20 1 50 0.96209
20 1 45 0.962432
20 5 46 0.962672
20 5 46 0.962838
20 1 44 0.963051
20 4 46 0.963358
20 1 46 0.963822
20 1 51 0.963912
20 1 43 0.96416
20 1 45 0.964335
20 1 46 0.964516
20 1 46 0.964755
20 1 44 0.964892
20 1 45 0.965029
20 1 46 0.965215
20 1 45 0.965422
20 1 45 0.965542
20 1 46 0.965734
20 1 43 0.965886
20 1 45 0.966129
20 1 45 0.966365
20 1 45 0.966412
20 1 43 0.966479
20 1 46 0.966528
20 5 46 0.96656
20 1 47 0.96658
20 1 45 0.966598
20 1 46 0.966633
20 1 46 0.966776
20 1 46 0.966837
20 1 47 0.966866
20 1 44 0.966939
20 1 45 0.967024
20 1 44 0.967064
20 1 45 0.967111
20 1 47 0.967175
20 2 44 0.967239
20 1 45 0.967292
20 1 44 0.967347
20 2 44 0.967373
20 1 47 0.967408
20 1 47 0.967496
20 1 44 0.967563
20 1 47 0.967682
20 2 46 0.967717
20 2 46 0.96774
20 1 45 0.967854
20 1 43 0.967936
20 1 46 0.967953
20 1 45 0.967985
20 1 46 0.968044
20 1 45 0.968061
20 1 44 0.968084
20 1 47 0.968119
20 1 46 0.968136
20 1 45 0.968203
20 1 44 0.968311
20 1 44 0.968329
20 1 46 0.968352
20 1 45 0.96841
20 1 46 0.968562
20 1 44 0.968644
20 1 47 0.96869
20 1 46 0.968763
20 1 46 0.968804
20 1 46 0.968865
20 1 44 0.968903
20 5 47 0.968935
20 1 43 0.968958
20 1 46 0.96899
20 1 46 0.969037
20 1 48 0.969115
20 1 45 0.969168
20 1 44 0.969235
20 1 47 0.969261
20 1 47 0.969313
20 1 44 0.969375
20 1 46 0.969415
20 1 46 0.969494
20 1 44 0.969549
20 5 49 0.969593
20 1 45 0.969613
20 1 46 0.969663
20 1 45 0.969727
20 1 46 0.969765
20 1 43 0.969849
20 1 43 0.969905
20 1 47 0.970059
20 1 45 0.970129
20 1 45 0.970235
20 1 44 0.970258
20 2 45 0.970307
20 1 44 0.970368
20 2 46 0.970394
20 1 45 0.970409
20 1 45 0.970452
20 1 47 0.970496
20 1 47 0.970513
20 1 43 0.970537
20 1 44 0.970607
20 1 44 0.970636
20 1 44 0.970676
20 1 44 0.970726
20 1 45 0.970767
20 1 47 0.970851
20 1 46 0.970883
20 1 43 0.970906
20 1 44 0.970965
20 1 45 0.970982
20 1 45 0.971026
20 1 46 0.971055
20 1 44 0.971084
20 1 45 0.971151
20 1 44 0.971174
20 1 44 0.971215
20 1 45 0.971299
20 1 45 0.971346
20 1 48 0.971386
20 1 45 0.97143
20 1 46 0.971474
20 1 44 0.971488
20 1 47 0.971523
20 1 46 0.971555
20 1 44 0.971619
20 1 46 0.971689
20 1 47 0.971736
20 1 48 0.971782
20 1 44 0.971814
20 1 49 0.971875
20 1 45 0.971901
20 1 45 0.971936
20 1 44 0.972027
20 1 45 0.972065
20 1 47 0.972117
20 1 48 0.972187
20 1 46 0.972242
20 1 46 0.972306
20 1 47 0.972335
20 1 47 0.97242
20 1 44 0.972434
20 1 44 0.972607
20 1 46 0.972627
20 1 47 0.972662
20 1 44 0.972747
20 1 45 0.972767
20 1 45 0.972799
20 4 44 0.972866
20 2 46 0.972886
20 1 45 0.972924
20 2 46 0.972973
20 1 45 0.972999
20 1 47 0.97304
20 1 44 0.97306
20 1 44 0.97311
20 1 44 0.973156
20 1 45 0.973215
20 1 45 0.973282
20 1 47 0.973325
20 1 45 0.973393
20 1 45 0.973468
20 1 44 0.973527
20 1 45 0.973591
20 1 48 0.973649
20 1 43 0.973687
20 1 47 0.97373
20 1 43 0.97383
20 1 45 0.973853
20 1 47 0.973908
20 1 45 0.973937
20 1 45 0.97396
20 1 46 0.974024
20 1 45 0.974083
