20 27 45 0.546669
20 2 44 0.546742
20 2 45 0.546772
20 1 45 0.546836
20 3 45 0.546906
20 1 44 0.546921
20 2 48 0.54697
20 1 46 0.547
20 1 44 0.547055
20 2 47 0.547097
20 1 45 0.547152
20 2 45 0.547192
20 2 46 0.547219
20 2 44 0.547405
20 2 45 0.547493
20 2 44 0.547551
20 2 46 0.547611
20 3 44 0.54766
20 1 43 0.547715
20 1 48 0.547837
20 1 46 0.547922
20 1 43 0.548004
20 1 45 0.548025
20 4 46 0.548202
20 2 43 0.548293
20 1 46 0.548464
20 2 46 0.548518
20 1 44 0.548652
20 1 43 0.548765
20 1 45 0.548895
20 1 45 0.549087
20 1 44 0.54916
20 2 46 0.549239
20 1 45 0.549327
20 1 48 0.549464
20 1 47 0.54968
20 1 46 0.549781
20 2 44 0.550015
20 1 46 0.550222
20 1 47 0.550645
20 1 47 0.550757
20 1 46 0.550845
20 1 45 0.551177
20 1 44 0.551512
20 1 47 0.551698
20 1 46 0.552051
20 1 46 0.552285
20 1 47 0.552589
20 1 46 0.552805
20 2 44 0.553024
20 2 46 0.553413
20 1 43 0.553769
20 1 44 0.554332
20 3 44 0.554757
20 2 45 0.555138
20 1 44 0.5556
20 1 44 0.555979
20 1 44 0.556466
20 1 46 0.556949
20 1 45 0.558023
20 2 45 0.559121
20 2 44 0.560437
20 1 45 0.563094
20 1 45 0.565019
20 1 44 0.566687
20 1 50 0.568516
20 1 46 0.570261
20 8 47 0.571917
20 1 46 0.573545
20 1 44 0.575368
20 1 47 0.577112
20 1 46 0.578643
20 1 47 0.579919
20 1 45 0.581414
20 1 45 0.584175
20 1 45 0.585381
20 1 45 0.58673
20 1 44 0.587878
20 1 46 0.589193
20 1 44 0.591423
20 7 46 0.595148
20 1 44 0.59823
20 2 46 0.599627
20 1 44 0.600902
20 1 47 0.602421
20 1 46 0.603311
20 1 45 0.604258
20 1 46 0.605075
20 1 44 0.605976
20 1 47 0.606774
20 1 46 0.607697
20 1 43 0.608727
20 1 45 0.609707
20 1 44 0.610722
20 1 46 0.611444
20 1 47 0.612221
20 1 44 0.614013
20 1 43 0.61472
20 2 44 0.61557
20 1 44 0.616375
20 1 47 0.617191
20 2 45 0.617828
20 1 44 0.618763
20 1 46 0.619531
20 1 45 0.620554
20 1 47 0.621373
20 1 45 0.622269
20 1 46 0.623103
20 1 46 0.623613
20 1 44 0.623986
20 1 47 0.624366
20 2 44 0.624825
20 1 46 0.625784
20 1 47 0.626179
20 1 44 0.626519
20 1 47 0.627032
20 1 45 0.627323
20 1 48 0.627627
20 5 51 0.627891
20 7 46 0.628438
20 1 47 0.628721
20 1 45 0.628982
20 1 48 0.629224
20 1 46 0.629679
20 1 46 0.630129
20 1 44 0.630396
20 1 45 0.630668
20 1 45 0.630978
20 1 44 0.631446
20 1 45 0.631881
20 1 47 0.632713
20 1 44 0.632992
20 2 45 0.633353
20 1 45 0.633656
20 1 47 0.63413
20 1 44 0.634601
20 1 51 0.634916
20 2 45 0.635946
20 1 46 0.6369
20 1 46 0.6372
20 1 44 0.637503
20 1 47 0.637803
20 2 45 0.638173
20 1 46 0.638468
20 1 45 0.638829
20 1 46 0.638943
20 1 46 0.639195
20 1 47 0.639377
20 1 46 0.639626
20 1 45 0.63978
20 2 46 0.640017
20 1 44 0.640436
20 1 44 0.640642
20 1 45 0.640894
20 1 49 0.641128
20 1 44 0.64138
20 1 45 0.641622
20 2 45 0.641893
20 1 44 0.642126
20 1 45 0.642354
20 1 46 0.642572
20 1 46 0.642766
20 1 44 0.642975
20 1 45 0.643368
20 1 46 0.643665
20 1 45 0.643847
20 5 43 0.644063
20 4 46 0.644325
20 4 46 0.644492
20 1 47 0.644808
20 2 46 0.645203
20 1 50 0.645476
20 1 44 0.64574
20 1 46 0.645917
20 1 46 0.646184
20 1 46 0.64639
20 1 47 0.646511
20 1 47 0.64666
20 2 50 0.646918
20 1 44 0.647075
20 1 45 0.647321
20 2 45 0.647575
20 1 45 0.647776
20 1 45 0.647957
20 1 44 0.648261
20 1 47 0.648978
20 7 46 0.649169
20 1 46 0.649452
20 2 45 0.649622
20 1 46 0.649861
20 2 45 0.65007
20 1 46 0.650258
20 1 45 0.650486
20 1 46 0.650579
20 1 44 0.650798
20 1 46 0.651101
20 2 45 0.65124
20 1 47 0.651462
20 1 44 0.65198
20 1 45 0.652221
20 1 45 0.652503
20 1 44 0.652777
20 7 46 0.653436
20 7 46 0.654043
20 6 46 0.654527
20 5 46 0.656075
20 1 43 0.656565
20 1 45 0.6571
20 7 46 0.65751
20 8 46 0.65783
20 1 46 0.658118
20 1 46 0.658261
20 1 47 0.65844
20 1 45 0.658865
20 1 45 0.659044
20 1 47 0.659192
20 1 47 0.659326
20 1 45 0.659429
20 1 45 0.659611
20 1 45 0.659747
20 1 46 0.659889
20 1 45 0.659998
20 4 46 0.660113
20 1 47 0.660259
20 5 46 0.660383
20 1 46 0.660592
20 1 45 0.660619
20 1 45 0.660686
20 1 46 0.660744
20 1 45 0.660759
20 1 47 0.660837
20 1 46 0.660856
20 1 45 0.660919
20 2 45 0.660959
20 1 44 0.660992
20 1 47 0.661043
20 1 47 0.661077
20 1 44 0.66111
20 2 43 0.661143
20 1 45 0.661207
20 1 45 0.661255
20 1 47 0.661301
20 1 47 0.661361
20 1 44 0.66141
20 1 45 0.661486
20 1 45 0.661604
20 1 45 0.661628
20 1 46 0.661683
20 1 45 0.66171
20 1 44 0.661804
20 1 44 0.661849
20 1 44 0.661892
20 1 47 0.661968
20 1 45 0.662007
20 1 46 0.662089
20 1 47 0.662104
20 1 44 0.662149
20 1 44 0.662186
20 1 46 0.662222
20 2 46 0.662289
20 1 47 0.662349
20 1 45 0.662401
20 1 43 0.66251
20 1 48 0.662604
20 1 45 0.662677
20 1 46 0.662753
20 1 46 0.66285
20 1 45 0.662923
20 1 45 0.663002
20 1 46 0.663038
20 1 46 0.663086
20 1 44 0.663132
20 1 46 0.663168
20 1 47 0.66325
20 1 45 0.66328
20 1 43 0.66331
20 1 44 0.663338
20 1 43 0.663416
20 1 47 0.66345
20 1 45 0.66348
20 1 46 0.663504
20 1 48 0.663577
20 1 48 0.663613
20 1 44 0.663701
20 1 45 0.663722
20 1 44 0.663756
20 1 45 0.663801
20 1 47 0.66391
20 1 45 0.663962
20 3 47 0.663986
20 1 44 0.664013
20 1 48 0.664128
20 2 44 0.664165
20 1 45 0.664186
20 1 47 0.664225
20 1 45 0.664252
20 1 44 0.664292
20 1 47 0.664331
20 1 46 0.664419
20 1 45 0.664471
20 1 47 0.664513
20 1 45 0.664616
20 1 44 0.664662
20 1 47 0.664713
20 1 47 0.664755
20 1 46 0.664804
20 1 45 0.664922
20 1 44 0.664971
20 2 45 0.664995
20 1 47 0.665013
20 1 46 0.665049
20 1 45 0.665079
20 1 44 0.665116
20 1 45 0.665176
20 1 44 0.665237
20 1 46 0.665292
20 1 47 0.665307
20 1 44 0.665385
20 1 47 0.665407
20 1 46 0.66544
20 1 45 0.665479
20 2 47 0.665573
20 2 45 0.665655
20 0 45 0.665688
20 1 47 0.665728
20 1 45 0.665752
20 1 45 0.665776
20 1 47 0.6658
20 1 46 0.665873
20 1 46 0.665958
20 1 44 0.666012
20 1 48 0.666052
20 1 44 0.666103
20 1 44 0.666155
20 1 45 0.666215
20 1 44 0.666288
20 1 44 0.666321
20 1 45 0.666342
20 1 48 0.666421
20 1 46 0.666452
20 1 45 0.666482
20 1 47 0.666506
20 1 46 0.666542
20 1 44 0.666569
20 1 44 0.666618
20 1 43 0.666709
20 1 45 0.666763
20 1 45 0.666791
20 1 43 0.666806
20 1 45 0.666878
20 2 46 0.666909
20 1 44 0.666948
20 1 45 0.667051
20 1 47 0.667084
20 1 47 0.667124
20 1 47 0.667191
20 1 46 0.66726
20 1 43 0.667303
20 0 44 0.667406
20 1 47 0.667506
20 1 47 0.667594
20 1 44 0.667615
20 1 46 0.667639
20 1 44 0.667669
20 1 43 0.667694
20 1 45 0.667821
20 1 44 0.667894
20 1 44 0.667964
20 1 45 0.668033
20 1 46 0.668061
20 0 46 0.668127
20 1 46 0.668267
20 2 44 0.668315
20 1 44 0.668333
20 1 44 0.668361
20 1 46 0.668446
20 1 44 0.6685
20 1 45 0.66867
20 2 53 0.66877
20 1 43 0.66881
